PMID,Question,Context,Long_Answer,Final_Decision,Category,Labels,Meshes,Year
18800356,The FOOTSTEP self-management foot care programme: are rheumatoid arthritis patients physically able to participate?,"The FOOTSTEP self-management foot care programme is a clinical and cost-effective programme for basic foot care in the elderly. The aim of this study was to determine if patients with rheumatoid arthritis (RA) would be physically able to participate. A consecutive cohort of RA patients undergoing podiatry care underwent tests for sight, reach and grip strength to determine their physical ability to undertake self-managed foot care. Thirty RA patients (10 male, 20 female), with a median age of 61 years (range 42 to 84) and disease duration of 10 years (range one to 40), were recruited. All patients passed the sight test, whereas the reach and grip tests were passed by 77% and 67% of patients, respectively. Only 57% of patients passed all the physical tests. Patients who failed the physical tests were older, and had longer disease duration and higher physical disability, pain and general health scores but these were not statistically different.","Just over half the patients in this present cohort may be physically able to undertake some aspects of self-managed foot care, including nail clipping and filing, callus filing and daily hygiene and inspection.",maybe,statement_truthiness,"['BACKGROUND', 'METHODS', 'RESULTS']","['Activities of Daily Living', 'Adult', 'Aged', 'Aged, 80 and over', 'Arthritis, Rheumatoid', 'Disability Evaluation', 'Female', 'Foot Diseases', 'Humans', 'Hygiene', 'Male', 'Middle Aged', 'Patient Participation', 'Podiatry', 'Program Evaluation', 'Self Care']",2009
24074624,Is intensive monitoring during the first transfusion in pediatric patients necessary?,"Some pediatric patients, typically those that are very young or felt to be especially sick are temporarily admitted to the intensive care unit (ICU) for observation during their first transfusion. If a significant reaction that requires ICU management does not occur, these patients are then transferred to a regular ward where future blood products are administered. The aim of this project was to determine if heightened observation such as temporary ICU admissions for the first transfusion are warranted. From the blood bank records of a tertiary care pediatric hospital, a list of patients on whom a transfusion reaction was reported between 2007 and 2012, the type of reaction and the patient's transfusion history, were extracted. The hospital location where the transfusion occurred, and whether the patient was evaluated by the ICU team or transferred to the ICU for management of the reaction was determined from the patient's electronic medical record. There were 174 acute reactions in 150 patients. Of these 150 patients, 13 (8.7%) different patients experienced a reaction during their first transfusion; all 13 patients experienced clinically mild reactions (8 febrile non-hemolytic, 4 mild allergic, and 1 patient who simultaneously had a mild allergic and a febrile non-hemolytic), and none required ICU management. Six severe reactions (6 of 174, 3.4%) involving significant hypotension and/or hypoxia that required acute and intensive management occurred during subsequent (i.e. not the first) transfusion in six patients.",The practice of intensive observation for the first transfusion in pediatric patients is probably unnecessary.,no,statement_truthiness,"['BACKGROUND', 'METHODS', 'RESULTS']","['Adolescent', 'Adult', 'Blood Component Transfusion', 'Blood Transfusion', 'Child', 'Child, Preschool', 'Critical Care', 'Humans', 'Infant', 'Infant, Newborn', 'Intensive Care Units', 'Population Surveillance', 'Transfusion Reaction', 'Young Adult']",2014
25819796,Literacy after cerebral hemispherectomy: Can the isolated right hemisphere read?,"Cerebral hemispherectomy, a surgical procedure undergone to control intractable seizures, is becoming a standard procedure with more cases identified and treated early in life [33]. While the effect of the dominant hemisphere resection on spoken language has been extensively researched, little is known about reading abilities in individuals after left-sided resection. Left-lateralized phonological abilities are the key components of reading, i.e., grapheme-phoneme conversion skills [1]. These skills are critical for the acquisition of word-specific orthographic knowledge and have been shown to predict reading levels in average readers as well as in readers with mild cognitive disability [26]. Furthermore, impaired phonological processing has been implicated as the cognitive basis in struggling readers. Here, we explored the reading skills in participants who have undergone left cerebral hemispherectomy. Seven individuals who have undergone left cerebral hemispherectomy to control intractable seizures associated with perinatal infarct have been recruited for this study. We examined if components of phonological processing that are shown to reliably separate average readers from struggling readers, i.e., phonological awareness, verbal memory, speed of retrieval, and size of vocabulary, show the same relationship to reading levels when they are mediated by the right hemisphere [2]. We found that about 60% of our group developed both word reading and paragraph reading in the average range. Phonological processing measured by both phonological awareness and nonword reading was unexpectedly spared in the majority of participants. Phonological awareness levels strongly correlated with word reading. Verbal memory, a component of phonological processing skills, together with receptive vocabulary size, positively correlated with reading levels similar to those reported in average readers. Receptive vocabulary, a bilateral function, was preserved to a certain degree similar to that of strongly left-lateralized phonological skills [3]. Later seizure onset was associated with better reading levels.","When cerebral hemispherectomy is performed to control seizures associated with very early (in utero) insult, it has been found that the remaining right hemisphere is still able to support reading and phonological processing skills that are normally mediated by the left hemisphere. Our results also suggest the existence of variability in individuals after hemispherectomy, even within groups having the same etiology and similar timing of insult.",yes,statement_truthiness,"['OBJECTIVES', 'METHODS', 'RESULTS']","['Adolescent', 'Child', 'Cohort Studies', 'Drug Resistant Epilepsy', 'Female', 'Functional Laterality', 'Hemispherectomy', 'Humans', 'Literacy', 'Male', 'Postoperative Period', 'Reading', 'Young Adult']",2015
15223725,Does blood pressure change in treated hypertensive patients depending on whether it is measured by a physician or a nurse?,"To determine whether there are differences between blood pressure (BP) measured by the nurse (NBP), BP measured by the physician (PBP) and self-measured BP in treated hypertensive patients and, if found, to evaluate their clinical importance. An observational study is carried out with hypertensive patients recruited from two village-based community health centres in Catalonia (Spain) serving an area with a total population of 2800 inhabitants. All patients treated for hypertension visiting the health centre on a specific day of the week and during the same timetable between October 2000 and May 2001 were included. The difference between physician-systolic BP and nurse-systolic BP was 5.16 mmHg (95% CI 2.62-7.7; p<0.001). The difference between physician-systolic BP and self-measured systolic BP was 4.67 mmHg (95% CI 0.89-8.44; p=0.016). The differences between nurse-systolic BP and self-measured systolic BP were not significant (0.49 mmHg; 95% CI 3.71-2.71; p=0.758). With regards to diastolic BP, no significant differences were found between the different ways of measurement. NBP gave the following values: sensitivity (Sn) of 92% and specificity (Sp) of 60%; positive predictive value (PPV) of 65.7% and negative predictive value (NPV) of 90% with a positive coefficient of probability (CP+) of 2.3 and a negative coefficient of probability (CP-) of 0.133. PBP gave the following results: Sn=72%; Sp=66.7%; PPV=64.3%; NPV=74.1%; CP+=2.16 and CP- = 0.420.","Systolic BP measured by the nurse in treated hypertensive patients is significantly lower than the readings obtained by the physician, and are almost identical to ambulatory BP monitoring. Blood pressure determination by the nurse is desirable not only for diagnosis but also to evaluate the level of control of blood pressure during the follow-up of treated hypertensive patients.",yes,statement_truthiness,"['OBJECTIVES', 'METHOD', 'RESULTS']","['Adult', 'Aged', 'Aged, 80 and over', 'Antihypertensive Agents', 'Blood Pressure Determination', 'Female', 'Humans', 'Hypertension', 'Male', 'Middle Aged', ""Nurse's Role"", ""Physician's Role"", 'Self Care', 'Spain']",2004
9767546,Autoxidation products of both carbohydrates and lipids are increased in uremic plasma: is there oxidative stress in uremia?,"Advanced glycation end products (AGEs), formed by non-enzymatic glycation and oxidation (glycoxidation) reactions, have been implicated in the pathogenesis of several diseases, including normoglycemic uremia. AGE research in uremia has focused on the accumulation of carbohydrate-derived adducts generated by the Maillard reaction. Recent studies, however, have demonstrated that one AGE, the glycoxidation product carboxymethyllysine (CML), could be derived not only from carbohydrates but also from oxidation of polyunsaturated fatty acids in vitro, raising the possibility that both carbohydrate and lipid autoxidation might be increased in uremia. To address this hypothesis, we applied gas chromatography-mass spectrometry and high performance liquid chromatography to measure protein adducts formed in uremic plasma by reactions between carbonyl compounds and protein amino groups: pentosidine derived from carbohydrate-derived carbonyls, malondialdehyde (MDA)-lysine derived from lipid-derived carbonyls, and CML originating possibly from both sources. All three adducts were elevated in uremic plasma. Plasma CML levels were mainly (>95%) albumin bound. Their levels were not correlated with fructoselysine levels and were similar in diabetic and non-diabetic patients on hemodialysis, indicating that their increase was not driven by glucose. Pentosidine and MDA-lysine were also increased in plasma to the same extent in diabetic and non-diabetic hemodialysis patients. Statistical analysis indicated that plasma levels of CML correlated weakly (P<0.05) with those of pentosidine and MDA-lysine, but that pentosidine and MDA-lysine varied independently (P>0.5).","These data suggest that the increased levels of AGEs in blood, and probably in tissues, reported in uremia implicate a broad derangement in non-enzymatic biochemistry involving alterations in autoxidation of both carbohydrates and lipids.",yes,statement_truthiness,"['BACKGROUND', 'METHODS', 'RESULTS']","['Adult', 'Aged', 'Arginine', 'Carbohydrates', 'Case-Control Studies', 'Glycation End Products, Advanced', 'Humans', 'Lipid Peroxidation', 'Lipids', 'Lysine', 'Malondialdehyde', 'Middle Aged', 'Oxidation-Reduction', 'Oxidative Stress', 'Uremia']",1998
19145527,Do emergency medical services professionals think they should participate in disease prevention?,"The primary objective of the study was to determine emergency medical services (EMS) professionals' opinions regarding participation in disease and injury prevention programs. A secondary objective was to determine the proportion of EMS professionals who had participated in disease prevention programs. As part of the National Registry of Emergency Medical Technicians' biennial reregistration process, EMS professionals reregistering in 2006 were asked to complete an optional survey regarding their opinions on and participation in disease and injury prevention. Demographic characteristics were also collected. Data were analyzed using descriptive statistics and 99% confidence intervals (CIs). The chi-square test was used to compare differences by responder demographics (alpha = 0.01). A 10% difference between groups was determined to be clinically significant. The survey was completed by 27,233 EMS professionals. Of these responders, 82.7% (99% CI: 82.1-83.3) felt that EMS professionals should participate in disease prevention, with those working 20 to 29 hours per week being the least likely to think they should participate (67.4%, p<0.001). About a third, 33.8% (99% CI: 33.1-34.6), of the respondents reported having provided prevention services, with those having a graduate degree (43.5%, p<0.001), those working in EMS for more than 21 years (44%, p<0.001), those working for the military (57%, p<0.001), those working 60 to 69 hours per week (41%, p<0.001), and those responding to zero emergency calls in a typical week (43%, p<0.001) being the most likely to report having provided prevention services. About half, 51.1% (99% CI: 50.4-51.9), of the respondents agreed that prevention services should be provided during emergency calls, and 7.7% (99% CI: 7.3-8.1) of the respondents reported providing prevention services during emergency calls. No demographic differences existed. Those who had participated in prevention programs were more likely to respond that EMS professionals should participate in prevention (92% vs. 82%, p<0.001). Further, those who had provided prevention services during emergency calls were more likely to think EMS professionals should provide prevention services during emergency calls (81% vs. 51%, p<0.001).","The majority of EMS professionals thought that they should participate in disease and injury prevention programs. The respondents were mixed as to whether prevention services should be provided while on emergency calls, but those with experience providing these services were more likely to agree with providing them during emergency calls.",maybe,statement_truthiness,"['OBJECTIVE', 'METHODS', 'RESULTS']","['Accidents, Home', 'Accidents, Occupational', 'Attitude of Health Personnel', 'Data Collection', 'Emergency Medical Technicians', 'Health Promotion', 'Humans', 'Wounds and Injuries']",
16097998,Is coeliac disease screening in risk groups justified?,"The benefits of serologic screening for coeliac disease in asymptomatic individuals are debatable.AIM: To investigate dietary compliance, quality of life and bone mineral density after long-term treatment in coeliac disease patients found by screening in risk groups. The study comprised 53 consecutive screen-detected coeliac patients diagnosed 14 years (median) ago. Dietary compliance was assessed by interview, 4-day food record and serology. Quality of life was evaluated by the Psychological General Well-Being and SF-36 questionnaires, gastrointestinal symptoms by the Gastrointestinal Symptom Rating Scale and bone mineral density by dual-energy x-ray absorptiometry. Comparisons were made to 44 symptom-detected-treated coeliac patients, 110 non-coeliac subjects and the general population. A total of 96% of screen-detected and 93% of symptom-detected coeliac patients adhered to a strict or fairly strict gluten-free diet. In screen-detected patients, quality of life and gastrointestinal symptoms were similar to those in symptom-detected patients or non-coeliac controls and bone mineral density was similar to that in the general population.",Long-term dietary compliance in screen-detected patients was good. Quality of life and bone mineral density were comparable with those in non-coeliac subjects and the general population. Active screening in coeliac disease risk groups seems to be reasonable rather than harmful.,yes,statement_truthiness,"['BACKGROUND', 'METHODS', 'RESULTS']","['Adult', 'Aged', 'Body Mass Index', 'Bone Density', 'Celiac Disease', 'Female', 'Fractures, Bone', 'Gastrointestinal Diseases', 'Humans', 'Male', 'Mass Screening', 'Middle Aged', 'Patient Compliance', 'Quality of Life', 'Risk Factors']",2005
24183388,Is the Hawkins sign able to predict necrosis in fractures of the neck of the astragalus?,"To assess if the Hawkins sign can predict whether or not astragalus fractures of the neck will develop avascular necrosis. It is also assessed whether the occurrence of this complication is related to the displacement of the fracture, soft tissue injury, or delay in the reduction or surgery. The results were compared with those found in the literature. A retrospective study was conducted on 23 talar neck fractures recorded over a a period of thirteen years. The following variables were analysed: displacement of the fracture, soft tissue injury, delay and type of treatment, complications, observation of the Hawkins sign, and functional outcome. There were 7 type I Hawkins fractures, 11 type II, and 4 type III and 1 type IV. Four cases developed avascular necrosis (2 Hawkins type II and 2 type III). Hawkins sign was observed in 12 cases, of which none developed necrosis. Four cases with negative Hawkins sign developed necrosis. No statistically significant differences were found when comparing the development of avascular necrosis with the displacement of the fracture, soft tissue injury, or delay in treatment. Differences were found when comparing the development of avascular necrosis with the Hawkins sign (P=.03).","A positive Hawkins sign rules out that the fractured talus has developed avascular necrosis, but its absence does not confirm it.",maybe,association_relatedness,"['OBJECTIVE', 'MATERIAL AND METHODS', 'RESULTS']","['Adolescent', 'Adult', 'Child', 'Child, Preschool', 'Female', 'Fractures, Bone', 'Humans', 'Male', 'Middle Aged', 'Osteonecrosis', 'Prognosis', 'Retrospective Studies', 'Talus', 'Young Adult']",
12607666,Is extended aortic replacement in acute type A dissection justifiable?,"The aim of this study was to evaluate the effectiveness of our surgical strategy for acute aortic dissection based on the extent of the dissection and the site of the entry, with special emphasis on resection of all dissected aortic segments if technically possible. Between January 1995 and March 2001, 43 consecutive patients underwent operations for acute aortic dissection. In all patients the distal repair was performed under circulatory arrest without the use of an aortic cross-clamp. Fifteen patients underwent aortic arch replacement with additional reconstruction of supra-aortic vessels in 3 patients. Complete replacement of all dissected tissue could be achieved in 21 patients (group 1). Because of the distal extent of the dissection beyond the aortic arch, replacement of all the dissected tissue was not possible in 22 patients (group 2). Early mortality was 4.7% (2 patients), and the incidence of perioperative cerebrovascular events was 7.0% (3 patients). All of these events occurred in group 2 (p<0.025). During the follow-up period of 6 years or less, 5 patients died, all from causes not related to the aorta or the aortic valve. A persisting patent false lumen was observed in 14 of the 36 surviving patients (39%).","Extended replacement of the dissected ascending aorta and aortic arch can be done with good early and midterm results, even though it requires a complex surgical technique. Therefore we advocate complete replacement of the dissected parts of the aorta in all patients in whom this is technically possible.",yes,statement_truthiness,"['BACKGROUND', 'METHODS', 'RESULTS']","['Aged', 'Anastomosis, Surgical', 'Aneurysm, Dissecting', 'Aortic Aneurysm', 'Blood Vessel Prosthesis Implantation', 'Brachiocephalic Trunk', 'Cardiac Surgical Procedures', 'Female', 'Humans', 'Male', 'Middle Aged']",2003
24973051,Medical student education in emergency medicine: do students meet the national standards for clinical encounters of selected core conditions?,"Establishing a core curriculum for undergraduate Emergency Medicine (EM) education is crucial to development of the specialty. The Clerkship Directors in Emergency Medicine (CDEM) National Curriculum Task Force recommended that all students in a 4(th)-year EM clerkship be exposed to 10 emergent clinical conditions. To evaluate the feasibility of encountering recommended core conditions in a clinical setting during a 4(th)-year EM clerkship. Students from three institutions participated in this ongoing, prospective observation study. Students' patient logs were collected during 4-week EM clerkships between July 2011 and June 2012. De-identified logs were reviewed and the number of patient encounters for each of the CDEM-identified emergent conditions was recorded. The percentage of students who saw each of the core complaints was calculated, as was the average number of core complaints seen by each. Data from 130 students at three institutions were captured; 15.4% of students saw all 10 conditions during their rotation, and 76.9% saw at least eight. The average number of conditions seen per student was 8.4 (range of 7.0-8.6). The percentage of students who saw each condition varied, ranging from 100% (chest pain and abdominal pain) to 31% (cardiac arrest).","Most students do not encounter all 10 conditions during patient encounters throughout a 4-week EM rotation, although most have exposure to at least eight. Certain conditions are far less likely than others to be encountered, and may need to be taught in a nonclinical setting.",no,statement_truthiness,"['BACKGROUND', 'OBJECTIVES', 'METHODS', 'RESULTS']","['Clinical Clerkship', 'Curriculum', 'Education, Medical, Undergraduate', 'Emergency Medicine', 'Feasibility Studies', 'Humans', 'Prospective Studies']",2014
